cam_model: EquidistantCamera
cam_width: 1280
cam_height: 720
scale: 0.5
cam_fx: 407.80484861445564
cam_fy: 407.48737856426152
cam_cx: 632.08699751056474
cam_cy: 359.71841305626737
k1: 0.23363539987434842
k2: 0.47554734377132096
k3: -0.44703301123739236
k4: 0.16168919680400098