cam_model: EquidistantCamera
cam_width: 1280
cam_height: 720
scale: 0.5
cam_fx: 410.4868305988912
cam_fy: 409.5047407649946
cam_cx: 661.5223707795687
cam_cy: 355.80396739814574
k1: 0.24599008449321486
k2: 0.4608065376374203
k3: -0.44067560559732866
k4: 0.16402575240169023